timestamp,messageId,latencyMs
1782306992130,189118,17328
1782306992130,189418,17275
1782306992130,189618,17229
1782306992130,190918,17191
1782306992130,191018,17154
1782307011922,189518,36883
1782307011922,189318,36835
1782307011922,189718,36779
1782307011922,189218,36710
1782307011922,189818,36645
1782307011922,189918,36603
1782307011922,190018,36565
1782307011922,190418,36522
1782307011922,190318,36482
1782307011922,190118,36441
1782307028326,190218,52811
1782307028326,190518,52774
1782307028326,190618,52738
1782307028326,190718,52691
1782307028326,190818,52640
1782307028326,191318,52585
1782307028326,191418,52540
1782307028326,191518,52500
1782307028326,191618,52463
1782307028326,191718,52428
1782307028597,191818,52668
1782307028597,191918,52638
1782307028597,192018,52609
1782307028597,192518,52575
1782307028597,192618,52543
1782307028597,192718,52508
1782307028597,191118,52467
1782307028597,191218,52434
1782307028597,192118,52369
1782307028597,192218,52317
1782307028722,192318,52392
1782307028722,192418,52342
1782307028722,193518,52290
1782307028722,194118,52256
1782307028722,194318,52225
1782307028722,192818,52192
1782307028722,192918,52156
1782307028722,193218,52112
1782307028722,193118,52067
1782307028722,193018,52028
1782307028860,193318,52125
1782307028860,193618,52077
1782307028860,193418,52026
1782307028860,193818,51976
1782307028860,193918,51928
1782307028860,193718,51892
1782307028860,194018,51855
1782307028860,194218,51818
1782307028860,194418,51778
1782307028860,194818,51738
1782307029017,194918,51854
1782307029017,195018,51812
1782307029017,195118,51780
1782307029017,195218,51746
1782307029017,195318,51712
1782307029017,195418,51672
1782307029017,195518,51633
1782307029017,196018,51593
1782307029017,194518,51535
1782307029017,194618,51481
1782307029143,194718,51560
1782307029143,195618,51510
1782307029143,195718,51465
1782307029143,195818,51418
1782307029143,195918,51370
1782307029143,196118,51310
1782307029143,197118,51267
1782307029143,197218,51236
1782307029143,197618,51190
1782307029143,197718,51131
1782307029281,197818,51215
1782307029281,196318,51167
1782307029281,196718,51130
1782307029281,196518,51097
1782307029281,196618,51060
1782307029281,196418,51015
1782307029281,196218,50956
1782307029281,196918,50903
1782307029281,196818,50855
1782307029281,197018,50825
1782307029397,197318,50901
1782307029397,197418,50873
1782307029397,197518,50832
1782307029397,197918,50784
1782307029397,198318,50728
1782307029397,198618,50661
1782307029397,198718,50613
1782307029397,198818,50574
1782307029397,198918,50531
1782307029397,199018,50496
1782307029515,199318,50575
1782307029515,199618,50523
1782307029515,199718,50477
1782307029515,198018,50426
1782307029515,198118,50384
1782307029515,198418,50342
1782307029515,198518,50300
1782307029515,198218,50264
1782307029515,199118,50226
1782307029515,199218,50183
1782307029734,199518,50352
1782307029734,199418,50308
1782307029734,200918,50247
1782307029734,201118,50207
1782307029734,201218,50178
1782307029734,201318,50146
1782307029734,201418,50105
1782307029734,201518,50062
1782307029734,199818,50014
1782307029734,200018,49973
1782307029892,200318,50087
1782307029892,200118,50037
1782307029892,199918,49987
1782307029892,200618,49943
1782307029892,200418,49907
1782307029892,200518,49869
1782307029892,200218,49821
1782307029892,200718,49773
1782307029892,200818,49716
1782307029892,201018,49674
1782307030032,201618,49761
1782307030032,201718,49709
1782307030032,202418,49663
1782307030032,202518,49602
1782307030032,202718,49561
1782307030032,202818,49530
1782307030032,203018,49499
1782307030032,203118,49468
1782307030032,203218,49440
1782307030032,203318,49409
1782307030151,203418,49490
1782307030151,203518,49452
1782307030151,202118,49405
1782307030151,201818,49359
1782307030151,202218,49322
1782307030151,201918,49277
1782307030151,202018,49231
1782307030151,202318,49190
1782307030151,202618,49158
1782307030151,202918,49123
1782307030300,203918,49230
1782307030300,204818,49201
1782307030300,204918,49163
1782307030300,205018,49131
1782307030300,205318,49101
1782307030300,205418,49068
1782307030300,204018,49028
1782307030300,204118,48980
1782307030300,204218,48931
1782307030300,203618,48884
1782307030417,203818,48957
1782307030417,204318,48906
1782307030417,204418,48865
1782307030417,204518,48833
1782307030417,203718,48790
1782307030417,204618,48762
1782307030417,204718,48729
1782307030417,205118,48695
1782307030417,205218,48661
1782307030417,205618,48625
1782307030532,206518,48699
1782307030532,206718,48640
1782307030532,206818,48583
1782307030532,207018,48533
1782307030532,207218,48492
1782307030532,205518,48443
1782307030532,206018,48397
1782307030532,205818,48362
1782307030532,205918,48327
1782307030532,206118,48286
1782307030649,205718,48365
1782307030649,206218,48334
1782307030649,206318,48299
1782307030649,206418,48264
1782307030649,206618,48214
1782307030649,206918,48166
1782307030649,207118,48115
1782307030649,207318,48075
1782307030649,208318,48038
1782307030649,208418,47991
1782307030767,208518,48064
1782307030767,208618,48017
1782307030767,208718,47969
1782307030767,208818,47924
1782307030767,208819,47871
1782307030767,208820,47832
1782307030767,207718,47779
1782307030767,207418,47731
1782307030767,207918,47696
1782307030767,207818,47661
1782307030886,207518,47734
1782307030886,208018,47690
1782307030886,207618,47654
1782307030886,208118,47619
1782307030886,208218,47581
1782307030886,208219,47516
1782307030886,208918,47466
1782307030886,208919,47417
1782307030886,208920,47367
1782307030886,208921,47322
1782307031075,208922,47460
1782307031075,208923,47412
1782307031075,208924,47367
1782307031075,208925,47330
1782307031075,208926,47296
1782307031075,208927,47259
1782307031075,208928,47229
1782307031075,208929,47192
1782307031075,208930,47151
1782307031075,208931,47103
1782307031184,208932,47164
1782307031184,208933,47118
1782307031184,208934,47086
1782307031184,208935,47049
1782307031184,208936,47014
1782307031184,208937,46975
1782307031184,208938,46927
1782307031184,208939,46871
1782307031184,208940,46826
1782307031184,208941,46779
1782307031314,208942,46855
1782307031314,208943,46814
1782307031314,208944,46780
1782307031314,208945,46738
1782307031314,208946,46694
1782307031314,208947,46650
1782307031314,208948,46610
1782307031314,208949,46578
1782307031314,208950,46534
1782307031314,208951,46493
1782307031434,208952,46563
1782307031434,208953,46513
1782307031434,208954,46467
1782307031434,208955,46421
1782307031434,208956,46380
1782307031434,208957,46341
1782307031434,208958,46300
1782307031434,209018,46268
1782307031434,209019,46236
1782307031434,209020,46201
1782307031565,209021,46296
1782307031565,209022,46258
1782307031565,209023,46209
1782307031565,209024,46164
1782307031565,209025,46118
1782307031565,209026,46080
1782307031565,209027,46036
1782307031565,209028,45994
1782307031565,209029,45950
1782307031565,209030,45918
1782307031771,209031,46096
1782307031771,209032,46063
1782307031771,209033,46034
1782307031771,209034,45986
1782307031771,209035,45936
1782307031771,209036,45898
1782307031771,209037,45853
1782307031771,209038,45817
1782307031771,209039,45768
1782307031771,209040,45704
1782307031882,209041,45773
1782307031882,209042,45735
1782307031882,209043,45708
1782307031882,209044,45679
1782307031882,209045,45646
1782307031882,209046,45615
1782307031882,209047,45578
1782307031882,209048,45544
1782307031882,209049,45502
1782307031882,209050,45461
1782307031992,209051,45528
1782307031992,209052,45480
1782307031992,209053,45442
1782307031992,209054,45401
1782307031992,209055,45353
1782307031992,209056,45295
1782307031992,209057,45244
1782307031992,209058,45199
1782307031992,209059,45160
1782307031992,209060,45124
1782307032112,209061,45199
1782307032112,209062,45171
1782307032112,209063,45132
1782307032112,209064,45094
1782307032112,209065,45059
1782307032112,209066,45021
1782307032112,209067,44978
1782307032112,209068,44929
1782307032112,209069,44877
1782307032112,209070,44827
1782307032232,209071,44902
1782307032232,209072,44863
1782307032232,209073,44817
1782307032232,209074,44767
1782307032232,209075,44720
1782307032232,209076,44676
1782307032232,209077,44632
1782307032232,209078,44587
1782307032232,209079,44538
1782307032232,209080,44488
1782307032379,209081,44575
1782307032379,209082,44526
1782307032379,209083,44476
1782307032379,209084,44430
1782307032379,209085,44391
1782307032379,209086,44345
1782307032379,209087,44296
1782307032379,209088,44247
1782307032379,209089,44198
1782307032379,209090,44158
1782307032512,209091,44246
1782307032512,209092,44204
1782307032512,209093,44156
1782307032512,209094,44102
1782307032512,209095,44049
1782307032512,209096,44004
1782307032512,209097,43950
1782307032512,209098,43911
1782307032512,209099,43872
1782307032512,209100,43842
1782307032631,209101,43929
1782307032631,209102,43879
1782307032631,209103,43811
1782307032631,209104,43755
1782307032631,209105,43704
1782307032631,209106,43662
1782307032631,209107,43630
1782307032631,209108,43601
1782307032631,209109,43572
1782307032631,209110,43540
1782307032737,209111,43614
1782307032737,209112,43568
1782307032737,209113,43518
1782307032737,209114,43460
1782307032737,209115,43420
1782307032737,209116,43378
1782307032737,209117,43340
1782307032737,209118,42185
1782307032737,209218,42152
1782307032737,209318,42115
1782307032854,209319,42189
1782307032854,209320,42149
1782307032854,209321,42094
1782307032854,209322,42045
1782307032854,209818,41997
1782307032854,210018,41957
1782307032854,210118,41915
1782307032854,210218,41871
1782307032854,210318,41826
1782307032854,210319,41781
1782307032979,210320,41854
1782307032979,209418,41815
1782307032979,209419,41773
1782307032979,209420,41728
1782307032979,209421,41686
1782307032979,209422,41638
1782307032979,209423,41593
1782307032979,209424,41540
1782307032979,209718,41509
1782307032979,209618,41476
1782307033098,209619,41566
1782307033098,209518,41529
1782307033098,209519,41490
1782307033098,209520,41444
1782307033098,209521,41410
1782307033098,209522,41381
1782307033098,209918,41347
1782307033098,209919,41305
1782307033098,210418,41260
1782307033098,210419,41210
1782307033250,210420,41316
1782307033250,210421,41280
1782307033250,210422,41228
1782307033250,211018,41194
1782307033250,211019,41157
1782307033250,211718,41114
1782307033250,211918,41064
1782307033250,211919,41010
1782307033250,210618,40955
1782307033250,210518,40907
1782307033365,210818,40996
1782307033365,210918,40952
1782307033365,210718,40907
1782307033365,210719,40856
1782307033365,210720,40799
1782307033365,211118,40761
1782307033365,211218,40717
1782307033365,211318,40677
1782307033365,211418,40628
1782307033365,211518,40574
1782307033493,211618,40652
1782307033493,211818,40610
1782307033493,212018,40569
1782307033493,213418,40505
1782307033493,213518,40458
1782307033493,213618,40414
1782307033493,213718,40378
1782307033493,213818,40346
1782307033493,213918,40312
1782307033493,214018,40273
1782307033602,214118,40336
1782307033602,214218,40288
1782307033602,214318,40243
1782307033602,214418,40208
1782307033602,214518,40168
1782307033602,212718,40086
1782307033602,212518,40014
1782307033602,212118,39962
1782307033602,212418,39919
1782307033602,212218,39869
1782307033712,212818,39930
1782307033712,213018,39882
1782307033712,212618,39835
1782307033712,212318,39793
1782307033712,212918,39744
1782307033712,213118,39683
1782307033712,213218,39631
1782307033712,213318,39584
1782307033712,215818,39520
1782307033712,215918,39450
1782307033823,216118,39510
1782307033823,216318,39463
1782307033823,216518,39417
1782307033823,216618,39379
1782307033823,216718,39343
1782307033823,216818,39290
1782307033823,216918,39242
1782307033823,217018,39190
1782307033823,214718,39125
1782307033823,215018,39077
1782307033986,215318,39190
1782307033986,215118,39140
1782307033986,214618,39092
1782307033986,214918,39052
1782307033986,215218,39006
1782307033986,215618,38955
1782307033986,215518,38910
1782307033986,215418,38862
1782307033986,214818,38820
1782307033986,215718,38780
1782307034129,216018,38871
1782307034129,216218,38825
1782307034129,216418,38773
1782307034129,218218,38683
1782307034129,218318,38640
1782307034129,218418,38605
1782307034129,218518,38571
1782307034129,218618,38523
1782307034129,218718,38478
1782307034129,218818,38435
1782307034252,218918,38507
1782307034252,219018,38460
1782307034252,219218,38414
1782307034252,219318,38381
1782307034252,219418,38342
1782307034252,219518,38306
1782307034252,217118,38248
1782307034252,217218,38181
1782307034252,217418,38134
1782307034252,217918,38089
1782307034387,217718,38194
1782307034387,217618,38169
1782307034387,217318,38133
1782307034387,217518,38093
1782307034387,217818,38049
1782307034387,218018,37996
1782307034387,218118,37948
1782307034387,219118,37900
1782307034387,220918,37854
1782307034387,221018,37824
1782307034503,221118,37902
1782307034503,221218,37865
1782307034503,221418,37815
1782307034503,221518,37753
1782307034503,221618,37680
1782307034503,221718,37629
1782307034503,221818,37575
1782307034503,221918,37533
1782307034503,219618,37484
1782307034503,219718,37433
1782307034627,220818,37508
1782307034627,220718,37460
1782307034627,219918,37409
1782307034627,220318,37369
1782307034627,220218,37328
1782307034627,220618,37287
1782307034627,219818,37246
1782307034627,220018,37202
1782307034627,220418,37153
1782307034627,220518,37099
1782307034752,220118,37175
1782307034752,221318,37124
1782307034752,221319,37071
1782307034752,222018,37026
1782307034752,223118,36964
1782307034752,223218,36918
1782307034752,223318,36866
1782307034752,223418,36821
1782307034752,223518,36782
1782307034752,223618,36739
1782307034882,223718,36829
1782307034882,223818,36788
1782307034882,224118,36745
1782307034882,224218,36706
1782307034882,224318,36667
1782307034882,224418,36637
1782307034882,224518,36603
1782307034882,224618,36569
1782307034882,222318,36530
1782307034882,222518,36500
1782307035007,222218,36592
1782307035007,222418,36558
1782307035007,222618,36524
1782307035007,222118,36494
1782307035007,222918,36459
1782307035007,223018,36418
1782307035007,222718,36378
1782307035007,222818,36336
1782307035007,223918,36293
1782307035007,224018,36260
1782307035123,224019,36311
1782307035123,224020,36274
1782307035123,224021,36231
1782307035123,224022,36183
1782307035123,224023,36141
1782307035123,224024,36090
1782307035123,224025,36056
1782307035123,224026,36026
1782307035123,224718,35992
1782307035123,224818,35963
1782307035254,225518,36068
1782307035254,225118,36042
1782307035254,225618,36013
1782307035254,225718,35984
1782307035254,225418,35944
1782307035254,225018,35902
1782307035254,224918,35865
1782307035254,225818,35822
1782307035254,226118,35782
1782307035254,225318,35744
1782307035399,226018,35854
1782307035399,225918,35821
1782307035399,225218,35793
1782307035399,225219,35753
1782307035399,225220,35716
1782307035399,225221,35677
1782307035399,226218,35631
1782307035399,226219,35579
1782307035399,226220,35529
1782307035399,226221,35476
1782307035514,226222,35549
1782307035514,226223,35513
1782307035514,226224,35481
1782307035514,226225,35446
1782307035514,226226,35399
1782307035514,226227,35355
1782307035514,226228,35308
1782307035514,226229,35270
1782307035514,226230,35212
1782307035514,226231,35160
1782307035634,226232,35246
1782307035634,226233,35216
1782307035634,226234,35188
1782307035634,226235,35155
1782307035634,226236,35127
1782307035634,226237,35099
1782307035634,226238,35068
1782307035634,226239,35039
1782307035634,226240,35000
1782307035634,226241,34969
1782307035763,226242,35059
1782307035763,226243,35021
1782307035763,226244,34972
1782307035763,226245,34906
1782307035763,226246,34866
1782307035763,226247,34836
1782307035763,226248,34801
1782307035763,226249,34769
1782307035763,226250,34740
1782307035763,226251,34709
1782307035874,226252,34780
1782307035874,226253,34750
1782307035874,226254,34713
1782307035874,226255,34676
1782307035874,226256,34640
1782307035874,226257,34593
1782307035874,226258,34547
1782307035874,226259,34496
1782307035874,226260,34446
1782307035874,226261,34404
1782307035999,226262,34499
1782307035999,226263,34470
1782307035999,226264,34438
1782307035999,226265,34404
1782307035999,226266,34370
1782307035999,226267,34339
1782307035999,226268,34305
1782307035999,226269,34277
1782307035999,226270,34248
1782307035999,226271,34222
1782307036137,226272,34315
1782307036137,226273,34272
1782307036137,226274,34233
1782307036137,226275,34183
1782307036137,226276,34141
1782307036137,226277,34104
1782307036137,226278,34073
1782307036137,226279,34039
1782307036137,226280,33997
1782307036137,226281,33959
1782307036251,226282,34032
1782307036251,226283,33992
1782307036251,226284,33958
1782307036251,226285,33930
1782307036251,226286,33896
1782307036251,226287,33853
1782307036251,226288,33817
1782307036251,226289,33777
1782307036251,226290,33721
1782307036251,226291,33674
1782307036366,226292,33738
1782307036366,226293,33700
1782307036366,226294,33661
1782307036366,226295,33601
1782307036366,226296,33537
1782307036366,226297,33496
1782307036366,226298,33464
1782307036366,226299,33429
1782307036366,226300,33399
1782307036366,226301,33355
1782307036471,226302,33408
1782307036471,226303,33360
1782307036471,226304,33312
1782307036471,226305,33267
1782307036471,226306,33222
1782307036471,226307,33171
1782307036471,226308,33118
1782307036471,226309,33063
1782307036471,226310,33007
1782307036471,226311,32952
1782307036596,226312,33028
1782307036596,226313,32992
1782307036596,226314,32949
1782307036596,226315,32901
1782307036596,226316,32858
1782307036596,226317,32810
1782307036596,226318,32740
1782307036596,226319,32689
1782307036596,226320,32640
1782307036596,226321,32599
1782307036736,226322,32692
1782307036736,226323,32653
1782307036736,226324,32611
1782307036736,226325,32577
1782307036736,226326,32549
1782307036736,226327,32510
1782307036736,226328,32468
1782307036736,226329,32426
1782307036736,226330,32378
1782307036736,226331,32328
1782307036895,226332,32430
1782307036895,226333,32376
1782307036895,226334,32330
1782307036895,226335,32290
1782307036895,226336,32232
1782307036895,226337,32183
1782307036895,226338,32130
1782307036895,226339,32088
1782307036895,226340,32030
1782307036895,226341,31980
1782307037032,226342,32069
1782307037032,226343,32023
1782307037032,226344,31977
1782307037032,226345,31936
1782307037032,226346,31881
1782307037032,226347,31816
1782307037032,226348,31764
1782307037032,226349,31722
1782307037032,226350,31684
1782307037032,226351,31641
1782307037158,226352,31711
1782307037158,226353,31671
1782307037158,226354,31635
1782307037158,226355,31601
1782307037158,226356,31563
1782307037158,226357,31522
1782307037158,226358,31470
1782307037158,226359,31422
1782307037158,226360,31383
1782307037158,226361,31344
1782307037288,226362,31437
1782307037288,226363,31393
1782307037288,226364,31358
1782307037288,226365,31328
1782307037288,226366,31293
1782307037288,226367,31266
1782307037288,226368,31236
1782307037288,226369,31208
1782307037288,226370,31175
1782307037288,226371,31139
1782307037410,226372,31229
1782307037410,226373,31192
1782307037410,226374,31143
1782307037410,226375,31065
1782307037410,226376,31036
1782307037410,226377,31005
1782307037410,226378,30963
1782307037410,226379,30922
1782307037410,226380,30873
1782307037410,226381,30828
1782307037532,226382,30920
1782307037532,226383,30879
1782307037532,226384,30829
1782307037532,226385,30781
1782307037532,226386,30735
1782307037532,226387,30686
1782307037532,226388,30633
1782307037532,226389,30601
1782307037532,226390,30574
1782307037532,226391,30540
1782307037714,226392,30691
1782307037714,226393,30656
1782307037714,226394,30611
1782307037714,226395,30560
1782307037714,226396,30521
1782307037714,226397,30490
1782307037714,226398,30463
1782307037714,226399,30432
1782307037714,226400,30398
1782307037714,226401,30347
1782307037838,226402,30433
1782307037838,226403,30378
1782307037838,226404,30339
1782307037838,226405,30309
1782307037838,226406,30284
1782307037838,226407,30241
1782307037838,226408,30200
1782307037838,226409,30152
1782307037838,226410,30103
1782307037838,226411,30069
1782307037957,226412,30137
1782307037957,226413,30100
1782307037957,226414,30057
1782307037957,226415,30010
1782307037957,226416,29964
1782307037957,226417,29916
1782307037957,226418,29748
1782307037957,226419,29703
1782307037957,226518,29656
1782307037957,226618,29619
1782307038162,226619,29790
1782307038162,226620,29753
1782307038162,226621,29725
1782307038162,226622,29698
1782307038162,226623,29666
1782307038162,226624,29619
1782307038162,226625,29537
1782307038162,226626,29431
1782307038162,226818,29342
1782307038162,226718,29268
1782307038294,226918,29323
1782307038294,226919,29256
1782307038294,226920,29211
1782307038294,226921,29169
1782307038294,226922,29129
1782307038294,226923,29077
1782307038294,226924,29013
1782307038294,226925,28928
1782307038294,226926,28889
1782307038294,227118,28843
1782307038491,227119,28991
1782307038491,227018,28944
1782307038491,227019,28873
1782307038491,227020,28817
1782307038491,227021,28757
1782307038491,227022,28711
1782307038491,227023,28669
1782307038491,227024,28623
1782307038491,227025,28569
1782307038491,227026,28508
1782307038613,227027,28557
1782307038613,227028,28469
1782307038613,227029,28410
1782307038613,227030,28369
1782307038613,227031,28325
1782307038613,227032,28271
1782307038613,227033,28225
1782307038613,227034,28178
1782307038613,227035,28131
1782307038613,227036,28086
1782307038734,227037,28154
1782307038734,227038,28112
1782307038734,227039,28069
1782307038734,227040,28024
1782307038734,227041,27981
1782307038734,227042,27939
1782307038734,227043,27897
1782307038734,227044,27851
1782307038734,227045,27805
1782307038734,227046,27745
1782307038861,227047,27812
1782307038861,227048,27761
1782307038861,227049,27711
1782307038861,227050,27668
1782307038861,227051,27624
1782307038861,227052,27580
1782307038861,227053,27532
1782307038861,227054,27493
1782307038861,227055,27206
1782307038861,227056,27124
1782307038998,227057,27194
1782307038998,227058,27147
1782307038998,227059,27065
1782307038998,227060,26998
1782307038998,227061,26930
1782307038998,227062,26879
1782307038998,227063,26832
1782307038998,227064,26783
1782307038998,227065,26742
1782307038998,227066,26686
1782307039137,227067,26766
1782307039137,227068,26683
1782307039137,227069,26620
1782307039137,227070,26575
1782307039137,227071,26517
1782307039137,227072,26458
1782307039137,227073,26397
1782307039137,227074,26342
1782307039137,227075,26292
1782307039137,227076,26215
1782307039263,227077,26263
1782307039263,227078,26207
1782307039263,227079,26160
1782307039263,227080,26063
1782307039263,227081,26014
1782307039263,227082,25978
1782307039263,227083,25938
1782307039263,227084,25890
1782307039263,227085,25844
1782307039263,227086,25791
1782307039646,227087,26127
1782307039646,227088,26082
1782307039646,227089,26040
1782307039646,227090,25999
1782307039646,227091,25956
1782307039646,227092,25910
1782307039646,227218,25858
1782307039646,227318,25811
1782307039646,227418,25767
1782307039646,227419,25723
1782307039748,227420,25783
1782307039748,227518,25736
1782307039748,227519,25685
1782307039748,227520,25639
1782307039748,227521,25584
1782307039748,227522,25540
1782307039748,227523,25497
1782307039748,227524,25456
1782307039748,227618,25416
1782307039748,227619,25382
1782307039893,227620,25491
1782307039893,227718,25448
1782307039893,227719,25407
1782307039893,227720,25343
1782307039893,227721,25294
1782307039893,227722,25247
1782307039893,227723,25184
1782307039893,227724,25104
1782307039893,227725,25036
1782307039893,227726,24976
1782307040003,227727,25039
1782307040003,227728,24991
1782307040003,227729,24948
1782307040003,227730,24901
1782307040003,227731,24849
1782307040003,227732,24798
1782307040003,227733,24756
1782307040003,227734,24714
1782307040003,227735,24662
1782307040003,227818,24575
1782307040114,227819,24630
1782307040114,227820,24590
1782307040114,227821,24542
1782307040114,228018,24495
1782307040114,228019,24446
1782307040114,228020,24394
1782307040114,228118,24300
1782307040114,227918,24209
1782307040114,228318,24132
1782307040114,228319,24055
1782307040232,228320,24092
1782307040232,228321,24017
1782307040232,228218,23948
1782307040232,228418,23891
1782307040232,228419,23834
1782307040232,228420,23780
1782307040232,228518,23732
1782307040232,228519,23682
1782307040232,228718,23630
1782307040232,228818,23573
1782307040350,228918,23647
1782307040350,229018,23593
1782307040350,229118,23538
1782307040350,229218,23476
1782307040350,229318,23422
1782307040350,229418,23369
1782307040350,229518,23332
1782307040350,229618,23281
1782307040350,229718,23236
1782307040350,229918,23190
1782307040482,230018,23280
1782307040482,230019,23242
1782307040482,230118,23200
1782307040482,230218,23148
1782307040482,230318,23102
1782307040482,230418,23060
1782307040482,230518,23009
1782307040482,230618,22962
1782307040482,230818,22918
1782307040482,230918,22865
1782307040637,231018,22965
1782307040637,231118,22906
1782307040637,231218,22857
1782307040637,231219,22803
1782307040637,231220,22757
1782307040637,228618,22704
1782307040637,228619,22651
1782307040637,229818,22587
1782307040637,230718,22521
1782307040637,230719,22437
1782307040744,230720,22493
1782307040744,230721,22443
1782307040744,230722,22386
1782307040744,230723,22342
1782307040744,230724,22297
1782307040744,230725,22258
1782307040744,231318,22216
1782307040744,231319,22169
1782307040744,231320,22117
1782307040744,231321,22052
1782307040864,231322,22126
1782307040864,231618,22086
1782307040864,231619,22034
1782307040864,232618,21993
1782307040864,231418,21937
1782307040864,231419,21890
1782307040864,232318,21844
1782307040864,232218,21794
1782307040864,232518,21756
1782307040864,232519,21714
1782307040999,231818,21804
1782307040999,232018,21763
1782307040999,231918,21712
1782307040999,232118,21661
1782307040999,232418,21615
1782307040999,231718,21573
1782307040999,231518,21527
1782307040999,232718,21481
1782307040999,232719,21424
1782307040999,232720,21374
1782307041114,232721,21432
1782307041114,232722,21380
1782307041114,232723,21333
1782307041114,232724,21283
1782307041114,232725,21238
1782307041114,232726,21191
1782307041114,232727,21141
1782307041114,232728,20959
1782307041114,232729,20878
1782307041114,232730,20810
1782307041281,232731,20921
1782307041281,232732,20868
1782307041281,232733,20825
1782307041281,232734,20774
1782307041281,232735,20729
1782307041281,232736,20685
1782307041281,232737,20630
1782307041281,232738,20578
1782307041281,232739,20525
1782307041281,232740,20486
1782307041406,232741,20561
1782307041406,232742,20516
1782307041406,232743,20474
1782307041406,232744,20431
1782307041406,232745,20298
1782307041406,232746,20241
1782307041406,232747,20186
1782307041406,232748,20133
1782307041406,232749,20084
1782307041406,232750,20045
1782307041552,232751,20150
1782307041552,232752,20080
1782307041552,232753,20035
1782307041552,232754,19988
1782307041552,232755,19934
1782307041552,232756,19894
1782307041552,232757,19847
1782307041552,232758,19797
1782307041552,232759,19731
1782307041552,232760,19681
1782307041674,232761,19754
1782307041674,232762,19718
1782307041674,232763,19667
1782307041674,232764,19619
1782307041674,232765,19568
1782307041674,232766,19526
1782307041674,232767,19473
1782307041674,232768,19421
1782307041674,232769,19370
1782307041674,232770,19316
1782307041793,232771,19387
1782307041793,232772,19338
1782307041793,232773,19291
1782307041793,232774,19241
1782307041793,232775,19179
1782307041793,232776,19124
1782307041793,232777,19073
1782307041793,232778,19022
1782307041793,232779,18964
1782307041793,232780,18906
1782307041897,232781,18950
1782307041897,232782,18878
1782307041897,232783,18814
1782307041897,232784,18767
1782307041897,232785,18711
1782307041897,232786,18659
1782307041897,232787,18605
1782307041897,232788,18553
1782307041897,232789,18514
1782307041897,232790,18467
1782307042042,232791,18569
1782307042042,232792,18519
1782307042042,232793,18454
1782307042042,232794,18386
1782307042042,232795,18327
1782307042042,232796,18277
1782307042042,232797,18221
1782307042042,232798,18163
1782307042042,232799,18096
1782307042042,232800,18031
1782307042172,232801,18109
1782307042172,232802,18068
1782307042172,232803,17989
1782307042172,232804,17906
1782307042172,232805,17837
1782307042172,232806,17787
1782307042172,232807,17745
1782307042172,232808,17684
1782307042172,232809,17639
1782307042172,232810,17586
1782307042332,232811,17700
1782307042332,232812,17647
1782307042332,232813,17597
1782307042332,232814,17539
1782307042332,232815,17447
1782307042332,232816,16955
1782307042332,232817,16947
1782307042332,232918,15780
1782307042332,232818,15770
1782307042332,233218,15763
1782307042463,233118,15888
1782307042463,233018,15881
1782307042463,233318,15870
1782307042463,233319,15861
1782307042463,234818,15853
1782307042463,233618,15844
1782307042463,233818,15833
1782307042463,234118,15825
1782307042463,234218,15817
1782307042463,234618,15810
1782307042583,234718,15919
1782307042583,234018,15913
1782307042583,233518,15907
1782307042583,233418,15893
1782307042583,233918,15886
1782307042583,233718,15879
1782307042583,234418,15870
1782307042583,234318,15863
1782307042583,234518,15857
1782307042583,234918,15849
1782307042740,234919,16000
1782307042740,235118,15992
1782307042740,235418,15986
1782307042740,235018,15975
1782307042740,235718,15964
1782307042740,235318,15957
1782307042740,235818,15951
1782307042740,235618,15942
1782307042740,235518,15938
1782307042740,235918,15934
1782307042886,235218,16070
1782307042886,236018,16064
1782307042886,236118,16056
1782307042886,236218,16052
1782307042886,236318,16049
1782307042886,236418,16040
1782307042886,236518,16034
1782307042886,236618,16025
1782307042886,236718,16017
1782307042886,236918,16009
1782307043017,236818,16133
1782307043017,237118,16123
1782307043017,237018,16117
1782307043017,237218,16112
1782307043017,237318,16104
1782307043017,237418,16100
1782307043017,237518,16095
1782307043017,237618,16089
1782307043017,237718,16085
1782307043017,237818,16079
1782307043131,237918,16186
1782307043131,238018,16180
1782307043131,238218,16175
1782307043131,238118,16169
1782307043131,238318,16164
1782307043131,238418,15688
1782307043131,238618,15680
1782307043131,238818,15672
1782307043131,238518,15665
1782307043131,238718,15656
1782307043263,239018,15783
1782307043263,239618,15777
1782307043263,239318,15773
1782307043263,238918,15764
1782307043263,239118,15758
1782307043263,239918,15752
1782307043263,239818,15744
1782307043263,239718,15738
1782307043263,239218,15728
1782307043263,239518,15718
1782307043408,240218,15853
1782307043408,240118,15841
1782307043408,239418,15831
1782307043408,240018,15821
1782307043408,240318,15810
1782307043408,240418,15805
1782307043408,240818,15792
1782307043408,241118,15781
1782307043408,240918,15774
1782307043408,241418,15764
1782307043535,241618,15886
1782307043535,241818,15882
1782307043535,241318,15875
1782307043535,241018,15868
1782307043535,240618,15863
1782307043535,240518,15858
1782307043535,240718,15853
1782307043535,241218,15849
1782307043535,241718,15840
1782307043535,241518,15835
1782307043644,242018,15932
1782307043644,241918,15921
1782307043644,242118,15909
1782307043644,242218,15897
1782307043644,242318,15888
1782307043644,242418,15875
1782307043644,242518,15864
1782307043644,242618,15852
1782307043644,242718,15841
1782307043644,242818,15831
1782307043783,242918,15959
1782307043783,243018,15947
1782307043783,243218,15933
1782307043783,243118,15920
1782307043783,243318,15911
1782307043783,243418,15899
1782307043783,243518,15893
1782307043783,243618,15880
1782307043783,243718,15871
1782307043783,243818,15864
1782307043903,243918,15977
1782307043903,244018,15967
1782307043903,244118,15956
1782307043903,244418,15947
1782307043903,244218,15936
1782307043903,244318,15923
1782307043903,244518,15916
1782307043903,244718,15908
1782307043903,244618,15902
1782307043903,244818,15891
1782307044028,244918,16009
1782307044028,245018,16003
1782307044028,245118,15995
1782307044028,245218,15982
1782307044028,245318,15972
1782307044028,245418,15959
1782307044028,245518,15945
1782307044028,245618,15939
1782307044028,245718,15926
1782307044028,245818,15918
1782307044150,245918,16030
1782307044150,246018,16020
1782307044150,246118,16013
1782307044150,246218,16000
1782307044150,246318,15990
1782307044150,246418,15982
1782307044150,246518,15972
1782307044150,246618,15963
1782307044150,246718,15953
1782307044150,246918,15936
1782307044332,247018,16112
1782307044332,246818,16102
1782307044332,247118,16095
1782307044332,247218,16084
1782307044332,247318,16076
1782307044332,247418,16067
1782307044332,247518,16057
1782307044332,247618,16050
1782307044332,247718,16045
1782307044332,247818,16037
1782307044454,247918,16153
1782307044454,248018,16146
1782307044454,248118,16137
1782307044454,248218,16120
1782307044454,248318,16107
1782307044454,248518,16100
1782307044454,248418,16092
1782307044454,248618,16085
1782307044454,248718,16076
1782307044454,248818,16068
1782307044582,248918,16188
1782307044582,249018,16181
1782307044582,249118,16174
1782307044582,249218,16166
1782307044582,249318,16158
1782307044582,249418,16149
1782307044582,249518,16143
1782307044582,249618,16129
1782307044582,249718,16119
1782307044582,249818,16110
1782307044706,250218,16223
1782307044706,250518,16212
1782307044706,250118,16204
1782307044706,250618,16195
1782307044706,249918,16187
1782307044706,250318,16174
1782307044706,250018,16168
1782307044706,250418,16160
1782307044706,250718,16153
1782307044706,250818,16008
1782307044834,250918,16129
1782307439294,251018,18400
1782307439294,251218,18319
1782307439294,251118,18228
1782307439294,251318,18119
1782307439294,251418,18034
1782307439294,251818,17983
1782307439294,252218,17923
1782307439294,252918,17871
1782307439294,253018,17820
1782307439294,253218,17758
1782307455211,251518,33584
1782307455211,252018,33511
1782307455211,251718,33449
1782307455211,251618,33392
1782307455211,251918,33342
1782307455211,252118,33286
1782307455211,252318,33235
1782307455211,252418,33186
1782307455211,252718,33132
1782307455211,252618,33074
1782307466172,252518,43956
1782307466172,252818,43904
1782307466172,253118,43843
1782307466172,253618,43782
1782307466172,253818,43738
1782307466172,253918,43694
1782307466172,254018,43653
1782307466172,254218,43613
1782307466172,254318,43566
1782307466172,254418,43520
1782307470587,254518,47882
1782307470587,254618,47817
1782307470587,254818,47764
1782307470587,254918,47707
1782307470587,253318,47622
1782307470587,253418,47559
1782307470587,253518,47496
1782307470587,253718,47433
1782307470587,254118,47375
1782307470587,254718,47311
1782307470729,255018,47383
1782307470729,256318,47329
1782307470729,256418,47274
1782307470729,256518,47228
1782307470729,256618,47180
1782307470729,255718,47121
1782307470729,255418,47043
1782307470729,255318,46976
1782307470729,255618,46889
1782307470729,255118,46819
1782307470861,255218,46871
1782307470861,255518,46806
1782307470861,255818,46739
1782307470861,255918,46672
1782307470861,256118,46616
1782307470861,256018,46538
1782307470861,256218,46455
1782307470861,257218,46346
1782307470861,257318,46268
1782307470861,257518,46178
1782307470993,257618,46248
1782307470993,257718,46195
1782307470993,257818,46140
1782307470993,257918,46037
1782307470993,258018,45985
1782307470993,258118,45928
1782307470993,258218,45867
1782307470993,256818,45776
1782307470993,256918,45718
1782307470993,257118,45667
1782307471123,256718,45753
1782307471123,257018,45703
1782307471123,257418,45649
1782307471123,258318,45589
1782307471123,258818,45521
1782307471123,259518,45477
1782307471123,259618,45434
1782307471123,259718,45380
1782307471123,259818,45318
1782307471123,259918,45238
1782307471249,260018,45306
1782307471249,258418,45204
1782307471249,258518,45047
1782307471249,258918,44985
1782307471249,259118,44914
1782307471249,258618,44859
1782307471249,259018,44804
1782307471249,258718,44749
1782307471249,259418,44703
1782307471249,259218,44654
1782307471422,259318,44785
1782307471422,260118,44727
1782307471422,260918,44680
1782307471422,261018,44629
1782307471422,261118,44575
1782307471422,261218,44527
1782307471422,261418,44471
1782307471422,260518,44417
1782307471422,260318,44382
1782307471422,260218,44330
1782307471539,260618,44405
1782307471539,260418,44329
1782307471539,260818,44265
1782307471539,260718,44210
1782307471539,261318,44147
1782307471539,261518,44090
1782307471539,261618,44044
1782307471539,261718,43977
1782307471539,261818,43922
1782307471539,261918,43881
1782307471638,262818,43939
1782307471638,262918,43906
1782307471638,263018,43864
1782307471638,263518,43815
1782307471638,262118,43763
1782307471638,262418,43716
1782307471638,262518,43673
1782307471638,262218,43637
1782307471638,262018,43592
1782307471638,262318,43553
1782307471783,262618,43656
1782307471783,262718,43620
1782307471783,263118,43586
1782307471783,263318,43555
1782307471783,263218,43517
1782307471783,263418,43455
1782307471783,263618,43394
1782307471783,263718,43355
1782307471783,263818,43326
1782307471783,264418,43297
1782307471955,264618,43444
1782307471955,265318,43413
1782307471955,265418,43376
1782307471955,264018,43330
1782307471955,264318,43282
1782307471955,264118,43247
1782307471955,263918,43218
1782307471955,264218,43192
1782307471955,264518,43165
1782307471955,264718,43136
1782307472077,264818,43221
1782307472077,264918,43185
1782307472077,265018,43141
1782307472077,265118,43105
1782307472077,265218,43070
1782307472077,265518,43033
1782307472077,265618,42994
1782307472077,265718,42956
1782307472077,266118,42924
1782307472077,266018,42887
1782307472197,265918,42974
1782307472197,265818,42939
1782307472197,266218,42900
1782307472197,266318,42854
1782307472197,266418,42823
1782307472197,266518,42788
1782307472197,266618,42755
1782307472197,266718,42721
1782307472197,266818,42684
1782307472197,266918,42643
1782307472298,267018,42715
1782307472298,267118,42680
1782307472298,267218,42652
1782307472298,267318,42618
1782307472298,267418,42572
1782307472298,267518,42537
1782307472298,267618,42504
1782307472298,268618,42478
1782307472298,269318,42454
1782307472298,267718,42426
1782307472428,267818,42524
1782307472428,267918,42490
1782307472428,268218,42457
1782307472428,268118,42417
1782307472428,268018,42378
1782307472428,268318,42333
1782307472428,268418,42292
1782307472428,268518,42254
1782307472428,268718,42219
1782307472428,268818,42183
1782307472554,268918,42282
1782307472554,269018,42255
1782307472554,269118,42211
1782307472554,269218,42172
1782307472554,269418,42136
1782307472554,269518,42095
1782307472554,269918,42044
1782307472554,270018,41998
1782307472554,270218,41949
1782307472554,270318,41906
1782307472671,270418,41982
1782307472671,270518,41945
1782307472671,270519,41916
1782307472671,270520,41892
1782307472671,270521,41858
1782307472671,269818,41820
1782307472671,269618,41782
1782307472671,269718,41747
1782307472671,270118,41702
1782307472671,270618,41660
1782307472812,270718,41736
1782307472812,270719,41686
1782307472812,270720,41618
1782307472812,270721,41580
1782307472812,270722,41544
1782307472812,270723,41514
1782307472812,270724,41489
1782307472812,270725,41453
1782307472812,270726,41421
1782307472812,270727,41383
1782307472931,270728,41471
1782307472931,270729,41444
1782307472931,270730,41421
1782307472931,270731,41395
1782307472931,270732,41370
1782307472931,270733,41340
1782307472931,270734,41306
1782307472931,270735,41264
1782307472931,270736,41226
1782307472931,270737,41192
1782307473048,270738,41271
1782307473048,270818,41243
1782307473048,270819,41215
1782307473048,270820,41170
1782307473048,270821,41104
1782307473048,270822,41061
1782307473048,270823,40992
1782307473048,270824,40914
1782307473048,270825,40792
1782307473048,270826,40746
1782307473171,270827,40809
1782307473171,270828,40734
1782307473171,270829,40673
1782307473171,270830,40631
1782307473171,270831,40530
1782307473171,270832,40443
1782307473171,270833,40384
1782307473171,270834,40322
1782307473171,270835,40269
1782307473171,270836,40210
1782307473271,270837,40244
1782307473271,270838,40184
1782307473271,270839,40116
1782307473271,270840,40065
1782307473271,270841,40013
1782307473271,270842,39969
1782307473271,270843,39930
1782307473271,270844,39883
1782307473271,270845,39841
1782307473271,270846,39799
1782307473401,270847,39891
1782307473401,270848,39846
1782307473401,270849,39807
1782307473401,270850,39766
1782307473401,270851,39714
1782307473401,270852,39663
1782307473401,270853,39612
1782307473401,270854,39564
1782307473401,270855,39525
1782307473401,270856,39482
1782307473540,270857,39583
1782307473540,270858,39529
1782307473540,270918,39478
1782307473540,270919,39424
1782307473540,270920,39382
1782307473540,270921,39331
1782307473540,270922,39283
1782307473540,270923,39236
1782307473540,270924,39198
1782307473540,270925,39156
1782307473676,270926,39247
1782307473676,270927,39197
1782307473676,270928,39137
1782307473676,270929,39091
1782307473676,270930,39047
1782307473676,270931,38996
1782307473676,270932,38959
1782307473676,270933,38921
1782307473676,270934,38883
1782307473676,270935,38841
1782307473782,270936,38906
1782307473782,270937,38854
1782307473782,270938,38804
1782307473782,270939,38733
1782307473782,270940,38642
1782307473782,270941,38579
1782307473782,270942,38506
1782307473782,270943,38459
1782307473782,270944,38408
1782307473782,270945,38369
1782307473903,270946,38447
1782307473903,270947,38406
1782307473903,270948,38367
1782307473903,270949,38327
1782307473903,270950,38278
1782307473903,270951,38232
1782307473903,270952,38189
1782307473903,270953,38145
1782307473903,270954,38109
1782307473903,270955,38068
1782307474027,270956,38129
1782307474027,270957,38081
1782307474027,270958,38023
1782307474027,270959,37947
1782307474027,270960,37857
1782307474027,270961,37790
1782307474027,270962,37734
1782307474027,270963,37635
1782307474027,270964,37591
1782307474027,270965,37549
1782307474160,270966,37648
1782307474160,270967,37610
1782307474160,270968,37555
1782307474160,270969,37514
1782307474160,270970,37465
1782307474160,270971,37403
1782307474160,270972,37346
1782307474160,270973,37297
1782307474160,270974,37231
1782307474160,270975,37169
1782307474291,270976,37250
1782307474291,270977,37210
1782307474291,270978,37174
1782307474291,270979,37133
1782307474291,270980,37092
1782307474291,270981,37052
1782307474291,270982,37005
1782307474291,270983,36965
1782307474291,270984,36855
1782307474291,270985,36773
1782307474421,270986,36803
1782307474421,270987,36650
1782307474421,270988,36604
1782307474421,270989,36568
1782307474421,270990,36523
1782307474421,270991,36476
1782307474421,270992,36426
1782307474421,270993,36363
1782307474421,270994,36310
1782307474421,270995,36265
1782307474555,270996,36355
1782307474555,270997,36291
1782307474555,270998,36244
1782307474555,270999,36201
1782307474555,271000,36159
1782307474555,271001,36106
1782307474555,271002,36066
1782307474555,271003,36031
1782307474555,271004,35993
1782307474555,271005,35947
1782307474670,271006,36019
1782307474670,271007,35976
1782307474670,271008,35917
1782307474670,271009,35876
1782307474670,271010,35830
1782307474670,271011,35780
1782307474670,271012,35737
1782307474670,271013,35696
1782307474670,271014,35655
1782307474670,271015,35608
1782307474811,271016,35700
1782307474811,271017,35639
1782307474811,271218,34381
1782307474811,271118,34338
1782307474811,271119,34298
1782307474811,271018,34258
1782307474811,271019,34218
1782307474811,271318,34168
1782307474811,271518,34127
1782307474811,271418,34091
1782307474951,271419,34193
1782307474951,271420,34151
1782307474951,271421,34113
1782307474951,271422,34068
1782307474951,271423,34018
1782307474951,271424,33966
1782307474951,271425,33914
1782307474951,271426,33871
1782307474951,271618,33832
1782307474951,271619,33630
1782307475062,271620,33683
1782307475062,271621,33638
1782307475062,273018,33594
1782307475062,273118,33559
1782307475062,273218,33523
1782307475062,273219,33487
1782307475062,273220,33450
1782307475062,273221,33409
1782307475062,272218,33368
1782307475062,271918,33321
1782307475181,271718,33397
1782307475181,272018,33357
1782307475181,272019,33322
1782307475181,272020,33286
1782307475181,272021,33248
1782307475181,272818,33218
1782307475181,272418,33179
1782307475181,272518,33139
1782307475181,272618,33107
1782307475181,272918,33068
1782307475303,272919,33146
1782307475303,272920,33110
1782307475303,272118,33066
1782307475303,271818,33026
1782307475303,272718,32972
1782307475303,272318,32895
1782307475303,273718,32777
1782307475303,273818,32671
1782307475303,273918,32614
1782307475303,274018,32566
1782307475436,274118,32659
1782307475436,274218,32620
1782307475436,274318,32583
1782307475436,274518,32551
1782307475436,274718,32514
1782307475436,274818,32476
1782307475436,274918,32440
1782307475436,275218,32403
1782307475436,275518,32367
1782307475436,275618,32332
1782307475562,273318,32421
1782307475562,273418,32386
1782307475562,273518,32342
1782307475562,273618,32304
1782307475562,274418,32263
1782307475562,274618,32228
1782307475562,275018,32193
1782307475562,275118,32158
1782307475562,275418,32121
1782307475562,275318,32082
1782307475731,276418,32191
1782307475731,276818,32156
1782307475731,277018,32107
1782307475731,276918,32060
1782307475731,276518,32021
1782307475731,275918,31977
1782307475731,276118,31936
1782307475731,275718,31895
1782307475731,276018,31861
1782307475731,277118,31824
1782307475855,275818,31907
1782307475855,276318,31877
1782307475855,276618,31846
1782307475855,276718,31809
1782307475855,276218,31772
1782307475855,277218,31731
1782307475855,277318,31693
1782307475855,277418,31652
1782307475855,277518,31616
1782307475855,277618,31579
1782307475976,277718,31664
1782307475976,277818,31629
1782307475976,277918,31592
1782307475976,278018,31554
1782307475976,278118,31518
1782307475976,278218,31488
1782307475976,278318,31459
1782307475976,278418,31429
1782307475976,278518,31383
1782307475976,278618,31340
1782307476080,278718,31405
1782307476080,278818,31368
1782307476080,279618,31334
1782307476080,279619,31292
1782307476080,278918,31239
1782307476080,279018,31202
1782307476080,279118,31161
1782307476080,279218,31121
1782307476080,279318,31079
1782307476080,279418,31042
1782307476191,279518,31115
1782307476191,279718,31070
1782307476191,279818,31034
1782307476191,279918,30997
1782307476191,280018,30965
1782307476191,280118,30928
1782307476191,280218,30888
1782307476191,280318,30808
1782307476191,280418,30770
1782307476191,280518,30730
1782307476302,280618,30782
1782307476302,281318,30682
1782307476302,281818,30643
1782307476302,282218,30597
1782307476302,282318,30556
1782307476302,282718,30526
1782307476302,282818,30498
1782307476302,282918,30458
1782307476302,283118,30426
1782307476302,281118,30389
1782307476440,280818,30490
1782307476440,281218,30463
1782307476440,280718,30435
1782307476440,280918,30399
1782307476440,281418,30374
1782307476440,281018,30346
1782307476440,281518,30321
1782307476440,281618,30288
1782307476440,281718,30241
1782307476440,281918,30180
1782307476572,282018,30249
1782307476572,282118,30195
1782307476572,282418,30136
1782307476572,282518,30066
1782307476572,282618,30020
1782307476572,283018,29966
1782307476572,284118,29930
1782307476572,285018,29892
1782307476572,285218,29856
1782307476572,285318,29821
1782307476721,285418,29936
1782307476721,285618,29901
1782307476721,283418,29864
1782307476721,283618,29825
1782307476721,283218,29787
1782307476721,283318,29743
1782307476721,283518,29702
1782307476721,284018,29672
1782307476721,283718,29626
1782307476721,283918,29559
1782307476851,283818,29630
1782307476851,284218,29576
1782307476851,284318,29536
1782307476851,284418,29488
1782307476851,284518,29437
1782307476851,284618,29395
1782307476851,284718,29345
1782307476851,284818,29273
1782307476851,284918,29199
1782307476851,285118,29150
1782307476978,285518,29211
1782307476978,285718,29126
1782307476978,286618,29072
1782307476978,286718,29008
1782307476978,286918,28950
1782307476978,287018,28898
1782307476978,287118,28873
1782307476978,287218,28851
1782307476978,287318,28829
1782307476978,287418,28805
1782307477105,287518,28900
1782307477105,287618,28857
1782307477105,287718,28829
1782307477105,287818,28801
1782307477105,287918,28769
1782307477105,288118,28739
1782307477105,288218,28705
1782307477105,285818,28660
1782307477105,285918,28628
1782307477105,286018,28595
1782307477254,286318,28713
1782307477254,286118,28677
1782307477254,286218,28647
1782307477254,286418,28614
1782307477254,286518,28576
1782307477254,286818,28543
1782307477254,286819,28496
1782307477254,288018,28460
1782307477254,288318,28423
1782307477254,288319,28384
1782307477410,288320,28510
1782307477410,288321,28480
1782307477410,288322,28453
1782307477410,288323,28423
1782307477410,288324,28392
1782307477410,288325,28358
1782307477410,288326,28331
1782307477410,288327,28297
1782307477410,288328,28260
1782307477410,288329,28232
1782307477533,288330,28326
1782307477533,288418,28297
1782307477533,288419,28271
1782307477533,288420,28239
1782307477533,288421,28211
1782307477533,288422,28187
1782307477533,288423,28160
1782307477533,288424,28133
1782307477533,288425,28103
1782307477533,288426,28065
1782307477662,288427,28164
1782307477662,288428,28135
1782307477662,288429,28107
1782307477662,288430,28078
1782307477662,288431,28049
1782307477662,288432,28020
1782307477662,288433,27990
1782307477662,288434,27966
1782307477662,288435,27932
1782307477662,288436,27909
1782307477805,288437,28029
1782307477805,288438,27996
1782307477805,288439,27966
1782307477805,288440,27933
1782307477805,288441,27892
1782307477805,288442,27861
1782307477805,288443,27822
1782307477805,288444,27780
1782307477805,288445,27744
1782307477805,288446,27713
1782307477978,288447,27855
1782307477978,288448,27822
1782307477978,288449,27791
1782307477978,288450,27760
1782307477978,288451,27735
1782307477978,288452,27706
1782307477978,288453,27682
1782307477978,288454,27655
1782307477978,288455,27629
1782307477978,288456,27600
1782307478170,288457,27762
1782307478170,288458,27739
1782307478170,288459,27713
1782307478170,288460,27690
1782307478170,288461,27667
1782307478170,288462,27641
1782307478170,288463,27616
1782307478170,288464,27582
1782307478170,288465,27558
1782307478170,288466,27533
1782307478341,288467,27681
1782307478341,288468,27655
1782307478341,288469,27632
1782307478341,288470,27598
1782307478341,288471,27568
1782307478341,288472,27540
1782307478341,288473,27514
1782307478341,288474,27487
1782307478341,288475,27465
1782307478341,288476,27434
1782307478489,288477,27555
1782307478489,288478,27527
1782307478489,288479,27498
1782307478489,288480,27469
1782307478489,288481,27439
1782307478489,288482,27406
1782307478489,288483,27370
1782307478489,288484,27340
1782307478489,288518,27312
1782307478489,288519,27280
1782307478642,288520,27376
1782307478642,288521,27331
1782307478642,288522,27296
1782307478642,288523,27256
1782307478642,288524,27224
1782307478642,288525,27190
1782307478642,288526,27148
1782307478642,288527,27101
1782307478642,288528,27068
1782307478642,288529,27031
1782307478780,288530,27125
1782307478780,288531,27078
1782307478780,288532,27030
1782307478780,288533,26989
1782307478780,288534,26953
1782307478780,288535,26917
1782307478780,288536,26879
1782307478780,288537,26826
1782307478780,288538,26786
1782307478780,288539,26740
1782307478941,288540,26866
1782307478941,288541,26831
1782307478941,288542,26794
1782307478941,288543,26742
1782307478941,288544,26686
1782307478941,288545,26633
1782307478941,288546,26597
1782307478941,288547,26564
1782307478941,288548,26525
1782307478941,288549,26480
1782307479074,288550,26570
1782307479074,288551,26535
1782307479074,288552,26494
1782307479074,288553,26451
1782307479074,288554,26409
1782307479074,288555,26370
1782307479074,288556,26321
1782307479074,288557,26269
1782307479074,288558,26226
1782307479074,288559,26170
1782307479175,288560,26224
1782307479175,288561,26176
1782307479175,288562,26128
1782307479175,288563,26079
1782307479175,288564,26032
1782307479175,288565,25988
1782307479175,288566,25942
1782307479175,288567,25882
1782307479175,288568,25834
1782307479175,288569,25797
1782307479343,288570,25922
1782307479343,288571,25878
1782307479343,288572,25824
1782307479343,288573,25786
1782307479343,288574,25748
1782307479343,288575,25706
1782307479343,288576,25661
1782307479343,288577,25626
1782307479343,288578,25589
1782307479343,288579,25546
1782307479453,288580,25608
1782307479453,288581,25573
1782307479453,288582,25543
1782307479453,288583,25503
1782307479453,288584,25463
1782307479453,288585,25424
1782307479453,288586,25383
1782307479453,288587,25348
1782307479453,288588,25310
1782307479453,288589,25268
1782307479561,288590,25334
1782307479561,288591,25292
1782307479561,288592,25250
1782307479561,288593,25199
1782307479561,288594,25149
1782307479561,288595,25094
1782307479561,288596,25057
1782307479561,288597,25013
1782307479561,288598,24959
1782307479561,288599,24907
1782307479682,288600,24987
1782307479682,288601,24947
1782307479682,288618,24911
1782307479682,288619,24869
1782307479682,288620,24822
1782307479682,288621,24786
1782307479682,288622,24740
1782307479682,288623,24694
1782307479682,288624,24648
1782307479682,288625,24606
1782307479801,288626,24693
1782307479801,288627,24661
1782307479801,288628,24625
1782307479801,288629,24581
1782307479801,288630,24535
1782307479801,288631,24498
1782307479801,288632,24458
1782307479801,288633,24419
1782307479801,288634,24380
1782307479801,288635,24345
1782307479921,288636,24433
1782307479921,288637,24405
1782307479921,288638,24368
1782307479921,288639,24332
1782307479921,288640,24296
1782307479921,288641,24256
1782307479921,288642,24228
1782307479921,288643,24202
1782307479921,288644,24181
1782307479921,288645,24143
1782307480078,288646,24252
1782307480078,288647,24217
1782307480078,288648,24165
1782307480078,288649,24124
1782307480078,288650,24088
1782307480078,288651,24048
1782307480078,288652,24023
1782307480078,288653,23999
1782307480078,288654,23973
1782307480078,288655,23949
1782307480220,288656,24062
1782307480220,288657,24032
1782307480220,288658,23995
1782307480220,288659,23958
1782307480220,288660,23916
1782307480220,288661,23878
1782307480220,288662,23844
1782307480220,288663,23808
1782307480220,288664,23772
1782307480220,288665,23725
1782307480618,288666,24087
1782307480618,288667,24055
1782307480618,288668,24021
1782307480618,288669,23992
1782307480618,288670,23962
1782307480618,288671,23929
1782307480618,288672,23897
1782307480618,288673,23869
1782307480618,288674,23840
1782307480618,288675,23807
1782307480765,288676,23922
1782307480765,288677,23892
1782307480765,288678,23869
1782307480765,288679,23842
1782307480765,288680,23813
1782307480765,288681,23790
1782307480765,288682,23762
1782307480765,288683,23736
1782307480765,288684,23706
1782307480765,288685,23680
1782307480891,288686,23778
1782307480891,288687,23755
1782307480891,288688,23732
1782307480891,288689,23706
1782307480891,288690,23682
1782307480891,288691,23657
1782307480891,288692,23631
1782307480891,288693,23604
1782307480891,288694,23581
1782307480891,288695,23552
1782307481009,288696,23647
1782307481009,288697,23623
1782307481009,288698,23599
1782307481009,288699,23571
1782307481009,288700,23544
1782307481009,288701,23520
1782307481009,288702,23497
1782307481009,288703,23469
1782307481009,288704,23434
1782307481009,288705,23409
1782307481132,288706,23501
1782307481132,288707,23471
1782307481132,288708,23441
1782307481132,288709,23414
1782307481132,288710,23375
1782307481132,288711,23329
1782307481132,288712,23293
1782307481132,288713,23259
1782307481132,288714,23233
1782307481132,288715,23206
1782307481276,288716,23323
1782307481276,288717,23297
1782307481276,288718,22797
1782307481276,288719,22768
1782307481276,288818,22731
1782307481276,288819,22707
1782307481276,288918,22688
1782307481276,288919,22668
1782307481276,288920,22645
1782307481276,289018,22614
1782307481403,289019,22710
1782307481403,289218,22684
1782307481403,289118,22660
1782307481403,289318,22635
1782307481403,289319,22610
1782307481403,289320,22584
1782307481403,289321,22551
1782307481403,289418,22509
1782307481403,289419,22480
1782307481403,289518,22455
1782307481555,289519,22580
1782307481555,289520,22552
1782307481555,289521,22526
1782307481555,289522,22499
1782307481555,289523,22476
1782307481555,289524,22446
1782307481555,290018,22424
1782307481555,289618,22401
1782307481555,289918,22376
1782307481555,289818,22347
1782307481682,289718,22447
1782307481682,290318,22423
1782307481682,290319,22395
1782307481682,290218,22369
1782307481682,290118,22341
1782307481682,290418,22310
1782307481682,290419,22263
1782307481682,290420,22236
1782307481682,290421,22212
1782307481682,290422,22190
1782307481803,290423,22287
1782307481803,290424,22262
1782307481803,290718,22235
1782307481803,290918,22212
1782307481803,290919,22184
1782307481803,291918,22161
1782307481803,291218,22135
1782307481803,291018,22110
1782307481803,291118,22085
1782307481803,291119,22060
1782307481931,292218,22162
1782307481931,292219,22138
1782307481931,291518,22110
1782307481931,290518,22082
1782307481931,292018,22052
1782307481931,291718,22020
1782307481931,290818,21989
1782307481931,290618,21961
1782307481931,290619,21937
1782307481931,290620,21910
1782307482051,290621,22009
1782307482051,291818,21983
1782307482051,292118,21958
1782307482051,292119,21934
1782307482051,291618,21909
1782307482051,291418,21884
1782307482051,291318,21859
1782307482051,292318,21836
1782307482051,293518,21811
1782307482051,294018,21788
1782307482174,294418,21880
1782307482174,292418,21854
1782307482174,292518,21828
1782307482174,292618,21798
1782307482174,292718,21768
1782307482174,292818,21743
1782307482174,292918,21715
1782307482174,293018,21685
1782307482174,293118,21660
1782307482174,293218,21633
1782307482296,293418,21726
1782307482296,293318,21702
1782307482296,293618,21675
1782307482296,293718,21647
1782307482296,293818,21624
1782307482296,293918,21595
1782307482296,294118,21565
1782307482296,294218,21542
1782307482296,294318,21513
1782307482296,294518,21484
1782307482416,294618,21573
1782307482416,294718,21532
1782307482416,294818,21494
1782307482416,294918,21460
1782307482416,295018,21429
1782307482416,295118,21393
1782307482416,295218,21346
1782307482416,295318,21305
1782307482416,295418,21269
1782307482416,295518,21238
1782307482548,295618,21338
1782307482548,297818,21304
1782307482548,298518,21278
1782307482548,298718,21243
1782307482548,295718,21213
1782307482548,295818,21186
1782307482548,296118,21164
1782307482548,295918,21139
1782307482548,296018,21114
1782307482548,296218,21086
1782307482688,296318,21196
1782307482688,296418,21166
1782307482688,296518,21137
1782307482688,296618,21111
1782307482688,296718,21078
1782307482688,296818,21037
1782307482688,296918,21006
1782307482688,297018,20979
1782307482688,297118,20944
1782307482688,297218,20913
1782307482795,297318,20979
1782307482795,297418,20949
1782307482795,297518,20912
1782307482795,297618,20874
1782307482795,297718,20846
1782307482795,297918,20812
1782307482795,298018,20783
1782307482795,298118,20759
1782307482795,298218,20734
1782307482795,298318,20700
1782307482961,298418,20843
1782307482961,298618,20808
1782307482961,299518,20776
1782307482961,299818,20753
1782307482961,301018,20723
1782307482961,301318,20696
1782307482961,299018,20656
1782307482961,299118,20632
1782307482961,298918,20607
1782307482961,299218,20584
1782307483116,299318,20713
1782307483116,299418,20686
1782307483116,299618,20653
1782307483116,299718,20623
1782307483116,298818,20599
1782307483116,299918,20575
1782307483116,300018,20548
1782307483116,300118,20517
1782307483116,300218,20496
1782307483116,300318,20474
1782307483221,300418,20553
1782307483221,300518,20529
1782307483221,300618,20508
1782307483221,300718,20484
1782307483221,300818,20459
1782307483221,300918,20433
1782307483221,301118,20401
1782307483221,301218,20377
1782307483221,301418,20349
1782307483221,301518,20320
1782307483362,301618,20438
1782307483362,301718,20407
1782307483362,301818,20379
1782307483362,301918,20353
1782307483362,302018,20329
1782307483362,302718,20293
1782307483362,303818,20264
1782307483362,305318,20239
1782307483362,302118,20208
1782307483362,302318,20184
1782307483501,302418,20296
1782307483501,302218,20273
1782307483501,302518,20246
1782307483501,302618,20223
1782307483501,302918,20196
1782307483501,302818,20172
1782307483501,303018,20146
1782307483501,303118,20123
1782307483501,303218,20099
1782307483501,303318,20076
1782307483649,303418,20200
1782307483649,303518,20175
1782307483649,303618,20149
1782307483649,303718,20124
1782307483649,303918,20092
1782307483649,304018,20065
1782307483649,304118,20038
1782307483649,304218,20014
1782307483649,304318,19990
1782307483649,304418,19965
1782307483789,304518,20077
1782307483789,304618,20051
1782307483789,304718,20027
1782307483789,304818,20000
1782307483789,304918,19969
1782307483789,305018,19942
1782307483789,305118,19917
1782307483789,305218,19891
1782307483789,305219,19863
1782307483789,305220,19837
1782307483907,305418,19924
1782307483907,305518,19898
1782307483907,305519,19866
1782307483907,305520,19842
1782307483907,305521,19810
1782307483907,305522,19784
1782307483907,305523,19752
1782307483907,305524,19720
1782307483907,305525,19690
1782307483907,305526,19656
1782307484029,305527,19736
1782307484029,305528,19697
1782307484029,305529,19664
1782307484029,305530,19639
1782307484029,305531,19610
1782307484029,305532,19585
1782307484029,305533,19556
1782307484029,305534,19528
1782307484029,305535,19502
1782307484029,305536,19477
1782307484137,305537,19562
1782307484137,305538,19540
1782307484137,305539,19513
1782307484137,305540,19492
1782307484137,305541,19466
1782307484137,305542,19437
1782307484137,305543,19402
1782307484137,305544,19378
1782307484137,305545,19345
1782307484137,305546,19315
1782307484256,305547,19402
1782307484256,305548,19378
1782307484256,305549,19355
1782307484256,305550,19328
1782307484256,305551,19308
1782307484256,305552,19280
1782307484256,305553,19244
1782307484256,305554,19212
1782307484256,305555,19189
1782307484256,305556,19154
1782307484400,305557,19271
1782307484400,305558,19248
1782307484400,305618,19220
1782307484400,305619,19189
1782307484400,305718,19150
1782307484400,305719,19125
1782307484400,305720,19094
1782307484400,305721,19066
1782307484400,305722,19040
1782307484400,305723,19014
1782307484535,305724,19125
1782307484535,305725,19100
1782307484535,305726,19076
1782307484535,305727,19052
1782307484535,305728,19028
1782307484535,305729,19003
1782307484535,305730,18978
1782307484535,305731,18955
1782307484535,305732,18931
1782307484535,305733,18907
1782307484667,305734,19012
1782307484667,305735,18988
1782307484667,305736,18961
1782307484667,305737,18934
1782307484667,305738,18910
1782307484667,305739,18885
1782307484667,305740,18854
1782307484667,305741,18828
1782307484667,305742,18805
1782307484667,305743,18782
1782307484783,305744,18876
1782307484783,305745,18849
1782307484783,305746,18814
1782307484783,305747,18790
1782307484783,305748,18761
1782307484783,305749,18737
1782307484783,305750,18712
1782307484783,305751,18687
1782307484783,305752,18658
1782307484783,305753,18636
1782307484929,305754,18752
1782307484929,305755,18724
1782307484929,305756,18693
1782307484929,305757,18666
1782307484929,305758,18640
1782307484929,305759,18608
1782307484929,305760,18583
1782307484929,305761,18559
1782307484929,305762,18537
1782307484929,305763,18510
1782307485049,305764,18607
1782307485049,305765,18580
1782307485049,305766,18557
1782307485049,305767,18534
1782307485049,305768,18508
1782307485049,305769,18485
1782307485049,305770,18459
1782307485049,305771,18433
1782307485049,305772,18410
1782307485049,305773,18387
1782307485179,305774,18485
1782307485179,305775,18461
1782307485179,305776,18435
1782307485179,305777,18406
1782307485179,305778,18378
1782307485179,305779,18343
1782307485179,305780,18319
1782307485179,305781,18296
1782307485179,305782,18271
1782307485179,305783,18244
1782307485304,305784,18344
1782307485304,305785,18316
1782307485304,305786,18278
1782307485304,305787,18247
1782307485304,305788,18223
1782307485304,305789,18198
1782307485304,305790,18175
1782307485304,305791,18148
1782307485304,305792,18117
1782307485304,305793,18093
1782307485429,305794,18194
1782307485429,305795,18169
1782307485429,305796,18146
1782307485429,305797,18123
1782307485429,305798,18099
1782307485429,305799,18064
1782307485429,305800,18030
1782307485429,305801,18004
1782307485429,305802,17973
1782307485429,305803,17930
1782307485539,305804,18005
1782307485539,305805,17966
1782307485539,305806,17938
1782307485539,305807,17912
1782307485539,305808,17887
1782307485539,305809,17864
1782307485539,305810,17839
1782307485539,305811,17806
1782307485539,305812,17779
1782307485539,305813,17751
1782307485660,305814,17840
1782307485660,305815,17815
1782307485660,305816,17787
1782307485660,305817,17757
1782307485660,306018,16861
1782307485660,306019,16854
1782307485660,306318,16851
1782307485660,306218,16846
1782307485660,306219,16839
1782307485660,306220,16833
1782307485793,306221,16962
1782307485793,306222,16958
1782307485793,306118,16954
1782307485793,306119,16950
1782307485793,306120,16946
1782307485793,306121,16942
1782307485793,305918,16934
1782307485793,305919,16927
1782307485793,305920,16923
1782307485793,305818,16919
1782307485918,305819,17039
1782307485918,305820,17034
1782307485918,305821,17027
1782307485918,306418,17023
1782307485918,306419,17018
1782307485918,306420,17013
1782307485918,306518,17009
1782307485918,306519,17002
1782307485918,306520,16998
1782307485918,306521,16994
1782307486035,306618,17106
1782307486035,306718,17102
1782307486035,306719,17098
1782307486035,306720,17094
1782307486035,306818,17089
1782307486035,306918,17085
1782307486035,306919,17080
1782307486035,307018,17075
1782307486035,307019,17065
1782307486035,307118,17059
1782307486133,307218,17152
1782307486133,307318,17147
1782307486133,307319,17142
1782307486133,307320,17137
1782307486133,307418,17132
1782307486133,307419,17126
1782307486133,307518,17122
1782307486133,307519,17115
1782307486133,307520,17111
1782307486133,307521,17108
1782307486255,307618,17224
1782307486255,307619,17219
1782307486255,307620,17216
1782307486255,307718,17212
1782307486255,307818,17206
1782307486255,307819,17198
1782307486255,307820,17193
1782307486255,307821,17188
1782307486255,307918,17184
1782307486255,307919,17180
1782307486386,307920,17307
1782307486386,307921,17299
1782307486386,308018,17290
1782307486386,308019,17283
1782307486386,308118,17278
1782307486386,308218,17271
1782307486386,308219,17264
1782307486386,308518,17258
1782307486386,308618,17243
1782307486386,308718,17239
1782307486565,308318,17414
1782307486565,308418,17410
1782307486565,308419,17405
1782307486565,308818,17402
1782307486565,308819,17398
1782307486565,308918,17393
1782307486565,308919,17014
1782307486565,308920,17007
1782307486565,308921,17000
1782307486565,308922,16992
1782307486690,309018,17112
1782307486690,309118,17102
1782307486690,309318,17092
1782307486690,310318,17084
1782307486690,309718,17079
1782307486690,310418,17070
1782307486690,309218,17063
1782307486690,310018,17058
1782307486690,309418,17053
1782307486690,310518,17048
1782307486820,309618,17170
1782307486820,309518,17166
1782307486820,309918,17160
1782307486820,309818,17156
1782307486820,310218,17151
1782307486820,310618,17144
1782307486820,310118,17136
1782307486820,311518,17129
1782307486820,311018,17122
1782307486820,311718,17113
1782307486945,311618,17233
1782307486945,311218,17226
1782307486945,311418,17220
1782307486945,310918,17216
1782307486945,311318,17206
1782307486945,312118,17201
1782307486945,310718,17188
1782307486945,311118,17178
1782307486945,312218,17169
1782307486945,311818,17162
1782307487090,311918,17295
1782307487090,310818,17281
1782307487090,312018,17268
1782307487090,312318,17256
1782307487090,312418,17248
1782307487090,312518,17240
1782307487090,312718,17232
1782307487090,312618,17221
1782307487090,312818,17212
1782307487090,312918,17204
1782307487251,313018,17358
1782307487251,313118,17353
1782307487251,313218,17343
1782307487251,313318,17338
1782307487251,313418,17329
1782307487251,313518,17321
1782307487251,313618,17311
1782307487251,313718,17299
1782307487251,313818,17287
1782307487251,313918,17277
1782307487406,314018,17428
1782307487406,314118,17421
1782307487406,314218,17412
1782307487406,314318,17403
1782307487406,314918,17393
1782307487406,315018,17382
1782307487406,314818,17374
1782307487406,314718,17366
1782307487406,314618,17362
1782307487406,315218,17355
1782307487531,314518,17475
1782307487531,315318,17471
1782307487531,315118,17463
1782307487531,314418,17458
1782307487531,315418,17453
1782307487531,315518,17447
1782307487531,315618,17440
1782307487531,315718,17436
1782307487531,315818,17428
1782307487531,315918,17424
1782307487681,316018,17570
1782307487681,316318,17563
1782307487681,316118,17558
1782307487681,316218,17554
1782307487681,316418,17545
1782307487681,316518,17540
1782307487681,316718,17536
1782307487681,316618,17529
1782307487681,316818,17522
1782307487681,316918,17518
1782307487818,317018,17646
1782307487818,317118,17641
1782307487818,317218,17636
1782307487818,317318,17628
1782307487818,317418,17624
1782307487818,317618,17619
1782307487818,317518,17613
1782307487818,317718,17609
1782307487818,317818,17606
1782307487818,317918,17600
1782307487958,318018,17735
1782307487958,318118,17732
1782307487958,318218,17729
1782307487958,318318,17723
1782307487958,318418,17718
1782307487958,318518,17715
1782307487958,318618,17711
1782307487958,318718,17704
1782307487958,318818,17700
1782307487958,319018,17697
1782307488099,318918,17833
1782307488099,319118,17829
1782307488099,319218,17825
1782307488099,319318,17822
1782307488099,319418,17815
1782307488099,319618,17808
1782307488099,319718,17801
1782307488099,319518,17793
1782307488099,319818,17788
1782307488099,320018,17545
1782307488210,320118,17652
1782307488210,320318,17648
1782307488210,320218,17641
1782307488210,320219,17637
1782307488210,320220,17633
1782307488210,319918,17627
1782307488210,320918,17618
1782307488210,320818,17612
1782307488210,320518,17608
1782307488210,320718,17605
1782307488320,320418,17712
1782307488320,320618,17708
1782307488320,321018,17643
1782307488320,321118,17638
1782308372688,321218,1113
1782308372688,322718,1054
1782308373371,321318,1456
1782308373371,321418,1661
1782308373371,321518,1286
1782308373371,321618,1201
1782308373371,321718,1373
1782308373371,321918,1594
1782308373371,321818,995
1782308373371,322018,1529
1782308373371,322118,1129
1782308373371,322218,1043
1782308373371,322318,879
1782308373371,322418,947
1782308373371,322518,809
1782308373371,322618,1085
1782308373371,323018,697
1782308373371,322918,747
1782308373371,323118,655
1782308373371,323218,617
1782308373371,323318,583
1782308373371,323418,551
1782308373371,323518,508
1782308373371,323618,453
1782308373371,323818,400
1782308373371,323918,346
1782308373371,324018,299
1782308373371,324118,252
1782308373371,324218,204
1782308373528,322818,303
1782308373528,325718,179
1782308373528,323718,238
1782308374877,324318,934
1782308374877,324418,1485
1782308374877,324618,1096
1782308374877,324518,1292
1782308374877,324718,1437
1782308374877,324818,1368
1782308374877,324918,1002
1782308374877,325118,808
1782308374877,325218,1128
1782308374877,325318,1200
1782308374877,325018,1054
1782308374877,325418,1241
1782308374877,325518,1159
1782308374877,325618,878
1782308374877,326018,688
1782308374877,326118,627
1782308374877,326618,570
1782308374877,326718,527
1782308374877,326818,488
1782308374877,326918,426
1782308374877,325818,735
1782308374877,327018,356
1782308374877,327118,301
1782308374877,327218,227
1782308375505,325918,778
1782308375505,326418,598
1782308375505,326318,656
1782308375505,328418,359
1782308375505,328318,435
1782308375505,328518,298
1782308375505,328618,249
1782308375505,328718,198
1782308375505,326518,534
1782308375505,326218,713
1782308376440,327318,1083
1782308376440,327418,968
1782308376440,327518,850
1782308376440,327618,739
1782308376440,327718,798
1782308376440,328118,651
1782308376440,328018,696
1782308376440,327918,906
1782308376440,327818,1017
1782308376440,328219,556
1782308376440,328218,603
1782308376440,329118,496
1782308376440,329418,447
1782308376440,329518,401
1782308376440,329818,349
1782308376440,330318,250
1782308377495,329018,1063
1782308377495,329218,1016
1782308377495,329318,1123
1782308377495,329618,959
1782308377495,329718,908
1782308377495,329918,853
1782308377495,328818,1237
1782308377495,328918,1185
1782308377495,330018,652
1782308377495,330218,696
1782308377495,330418,608
1782308377495,331218,559
1782308377495,330118,753
1782308377495,331618,504
1782308377495,331818,377
1782308377495,331918,328
1782308377495,331718,444
1782308377495,332018,273
1782308378523,330618,1231
1782308378523,330518,1170
1782308378523,330718,1079
1782308378523,330818,1012
1782308378523,331018,889
1782308378523,330918,949
1782308378523,331518,729
1782308378523,331118,1128
1782308378523,331318,821
1782308378523,331418,769
1782308378523,332818,606
1782308378523,332118,666
1782308378523,333218,494
1782308378523,333318,448
1782308378523,333118,546
1782308378523,333518,352
1782308378523,333418,399
1782308378523,333618,303
1782308378523,333718,253
1782308378523,333818,198
1782308379777,332218,1203
1782308379777,332318,1139
1782308379777,332418,1376
1782308379777,332618,1313
1782308379777,332518,1256
1782308379777,334818,720
1782308379777,333018,858
1782308379777,335118,500
1782308379777,332718,1065
1782308379777,335018,568
1782308379777,334918,633
1782308379777,332918,986
1782308379777,335518,229
1782308379777,335218,423
1782308379777,335418,301
1782308379777,335318,363
1782308380790,334018,1095
1782308380790,334318,888
1782308380790,333918,1163
1782308380790,334118,957
1782308380790,334518,735
1782308380790,334218,1033
1782308380790,334618,680
1782308380790,334718,782
1782308380790,336518,585
1782308380790,336718,470
1782308380790,336618,533
1782308380790,337018,332
1782308380790,336818,404
1782308380790,337118,259
1782308380790,334418,835
1782308380790,337218,196
1782308382011,335618,1333
1782308382011,335718,1188
1782308382011,335818,1014
1782308382011,336018,1263
1782308382011,336218,1111
1782308382011,336418,825
1782308382011,336318,1070
1782308382011,337718,670
1782308382011,336918,754
1782308382011,336118,895
1782308382011,335918,955
1782308382011,338218,554
1782308382011,338418,455
1782308382011,338318,503
1782308382011,338118,613
1782308382011,338518,417
1782308382011,338918,205
1782308382011,338818,270
1782308382011,338618,366
1782308382011,338718,323
1782308382824,337418,951
1782308382824,337518,897
1782308382824,337618,793
1782308382824,337318,847
1782308382824,337818,632
1782308382824,337918,746
1782308382824,338018,693
1782308382824,340018,510
1782308382824,340118,433
1782308382824,340218,346
1782308382824,340318,317
1782308382824,340418,288
1782308382824,340518,237
1782308382824,340618,191
1782308384076,339018,1121
1782308384076,339118,982
1782308384076,339218,1305
1782308384076,339318,1052
1782308384076,339418,844
1782308384076,339518,1243
1782308384076,339918,1377
1782308384076,339718,906
1782308384076,339618,1178
1782308384076,339818,783
1782308384076,340719,608
1782308384076,340718,694
1782308384076,340721,491
1782308384076,340722,447
1782308384076,340724,361
1782308384076,340720,550
1782308384076,340725,314
1782308384076,340723,405
1782308384076,340726,265
1782308384076,340727,224
1782308384874,340729,934
1782308384874,340731,836
1782308384874,340728,971
1782308384874,340732,774
1782308384874,340730,889
1782308384874,340818,688
1782308384874,340819,650
1782308384874,340820,618
1782308384874,340733,729
1782308384874,340918,571
1782308384874,340919,504
1782308384874,340923,313
1782308384874,340922,359
1782308384874,340924,259
1782308384874,340925,210
1782308384874,340920,449
1782308384874,340921,409
1782308385824,340928,1016
1782308385824,340929,971
1782308385824,340931,871
1782308385824,340930,918
1782308385824,340934,715
1782308385824,340933,762
1782308385824,340926,1109
1782308385824,340927,1061
1782308385824,340936,615
1782308385824,340935,663
1782308385824,340938,481
1782308385824,340932,815
1782308385824,340939,426
1782308385824,340937,569
1782308385824,340942,306
1782308385824,340944,240
1782308385824,340945,198
1782308385824,340941,342
1782308385824,340940,381
1782308385824,340943,271
1782308386901,340946,1174
1782308386901,340947,1096
1782308386901,340949,1022
1782308386901,340951,938
1782308386901,340948,1052
1782308386901,340952,884
1782308386901,340950,975
1782308386901,340955,708
1782308386901,340953,834
1782308386901,340956,654
1782308386901,340954,770
1782308386901,340958,510
1782308386901,340961,333
1782308386901,340962,256
1782308386901,340957,575
1782308386901,340963,212
1782308386901,340960,383
1782308386901,340959,440
1782308387803,340964,1076
1782308387803,340967,919
1782308387803,340965,1012
1782308387803,340969,830
1782308387803,340968,867
1782308387803,340971,717
1782308387803,340966,962
1782308387803,340972,663
1782308387803,340970,777
1782308387803,340975,519
1782308387803,340976,448
1782308387803,340973,612
1782308387803,340977,398
1782308387803,340979,313
1782308387803,340981,199
1782308387803,340980,262
1782308387803,340978,354
1782308387803,340974,561
1782308389013,340983,1287
1782308389013,340982,1342
1782308389013,340985,1170
1782308389013,340984,1231
1782308389013,340989,1019
1782308389013,340986,1131
1782308389013,340987,1097
1782308389013,340988,1060
1782308389013,340991,920
1782308389013,340990,974
1782308389013,340993,820
1782308389013,340994,750
1782308389013,340996,619
1782308389013,340992,872
1782308389013,340998,541
1782308389013,340999,510
1782308389013,341001,404
1782308389013,341003,235
1782308389013,341000,465
1782308389013,341002,332
1782308389013,340997,574
1782308389013,340995,667
1782308389013,341004,163
1782308389656,341005,762
1782308389656,341006,701
1782308389656,341007,648
1782308389656,341009,555
1782308389656,341008,604
1782308389656,341011,466
1782308389656,341012,423
1782308389656,341013,364
1782308389656,341010,502
1782308389656,341014,310
1782308389656,341015,261
1782308389656,341016,219
1782308389656,341017,180
1782308389923,341018,329
1782308389923,341019,273
1782308391537,341021,1799
1782308391537,341020,1831
1782308391537,341025,1577
1782308391537,341024,1630
1782308391537,341026,1527
1782308391537,341028,1394
1782308391537,341029,1331
1782308391537,341027,1461
1782308391537,341022,1755
1782308391537,341023,1693
1782308391537,341031,1243
1782308391537,341030,1284
1782308391537,341035,1012
1782308391537,341034,1057
1782308391537,341036,962
1782308391537,341033,1111
1782308391537,341038,834
1782308391537,341037,904
1782308391537,341039,747
1782308391537,341032,1180
1782308391537,341042,618
1782308391537,341040,688
1782308391537,341041,652
1782308391537,341043,580
1782308391537,341046,379
1782308391537,341045,438
1782308391537,341044,529
1782308391537,341049,238
1782308391537,341047,329
1782308391537,341050,193
1782308391537,341048,282
1782308392800,341052,1268
1782308392800,341053,1207
1782308392800,341051,1351
1782308392800,341055,1090
1782308392800,341056,1010
1782308392800,341054,1151
1782308392800,341057,943
1782308392800,341059,768
1782308392800,341061,675
1782308392800,341062,617
1782308392800,341058,868
1782308392800,341060,713
1782308392800,341063,561
1782308392800,341064,522
1782308392800,341067,344
1782308392800,341066,413
1782308392800,341068,292
1782308392800,341069,239
1782308392800,341065,473
1782308393764,341072,941
1782308393764,341070,1116
1782308393764,341071,1028
1782308393764,341073,855
1782308393764,341075,759
1782308393764,341074,805
1782308393764,341076,721
1782308393764,341077,675
1782308393764,341078,638
1782308393764,341079,589
1782308393764,341080,541
1782308393764,341081,510
1782308393764,341082,462
1782308393764,341083,425
1782308393764,341084,389
1782308393764,341085,341
1782308393764,341086,311
1782308393764,341087,277
1782308393764,341088,239
1782308393764,341089,192
1782308395176,341092,1427
1782308395176,341093,1374
1782308395176,341094,1293
1782308395176,341095,1224
1782308395176,341096,1158
1782308395176,341097,1092
1782308395176,341098,1021
1782308395176,341099,951
1782308395176,341100,882
1782308395176,341101,808
1782308395176,341102,716
1782308395176,341104,616
1782308395176,341090,1532
1782308395176,341091,1476
1782308395176,341105,551
1782308395176,341106,489
1782308395176,341103,664
1782308395176,341107,443
1782308395176,341108,398
1782308395176,341109,328
1782308395176,341110,268
1782308395176,341111,215
1782308395176,341112,164
1782308395641,341113,585
1782308395641,341114,545
1782308395641,341117,350
1782308395641,341115,464
1782308395641,341116,403
1782308396147,341118,405
1782308396147,341218,354
1782308396147,341318,296
1782308396147,341418,257
1782308396147,341419,219
1782308396147,341618,188
1782308396147,341619,148
1782308397233,341518,748
1782308397233,341718,1025
1782308397233,341519,713
1782308397233,341620,1189
1782308397233,341720,956
1782308397233,341719,990
1782308397233,341818,1060
1782308397233,341918,850
1782308397233,341919,816
1782308397233,342018,923
1782308397233,342019,884
1782308397233,342218,1096
1782308397233,342118,1139
1782308397233,342319,642
1782308397233,342418,784
1782308397233,342518,594
1782308397233,342318,682
1782308397233,342520,499
1782308397233,342519,543
1782308397233,342521,459
1782308397233,342522,427
1782308397233,342524,359
1782308397233,342523,394
1782308397233,342525,316
1782308397233,342526,273
1782308397233,342527,234
1782308397233,342528,196
1782308397233,342529,156
1782308397991,342530,859
1782308397991,342531,800
1782308397991,342532,751
1782308397991,342534,690
1782308397991,342535,664
1782308397991,342533,716
1782308397991,342538,563
1782308397991,342539,489
1782308397991,342540,422
1782308397991,342541,381
1782308397991,342542,321
1782308397991,342543,265
1782308397991,342536,634
1782308397991,342544,204
1782308397991,342537,601
1782308397991,342545,159
1782308399122,342546,1246
1782308399122,342547,1194
1782308399122,342548,1150
1782308399122,342549,1099
1782308399122,342550,1070
1782308399122,342551,1041
1782308399122,342554,932
1782308399122,342553,976
1782308399122,342552,1012
1782308399122,342555,874
1782308399122,342556,820
1782308399122,342557,781
1782308399122,342559,717
1782308399122,342561,646
1782308399122,342562,612
1782308399122,342558,747
1782308399122,342560,680
1782308399122,342565,482
1782308399122,342566,430
1782308399122,342564,524
1782308399122,342563,573
1782308399122,342567,382
1782308399122,342568,337
1782308399122,342569,294
1782308399122,342570,249
1782308399122,342571,203
1782308399853,342572,863
1782308399853,342575,682
1782308399853,342574,738
1782308399853,342576,647
1782308399853,342573,801
1782308399853,342579,492
1782308399853,342580,386
1782308399853,342578,546
1782308399853,342581,347
1782308399853,342577,605
1782308399853,342819,168
1782308399853,342582,296
1782308399853,342818,238
1782308402419,342718,1364
1782308402419,342618,1580
1782308402419,342821,2562
1782308402419,342820,2664
1782308402419,342719,1191
1782308402419,342823,2434
1782308402419,342825,2312
1782308402419,342822,2493
1782308402419,342824,2387
1782308402419,342829,1998
1782308402419,342827,2197
1782308402419,342828,2087
1782308402419,342826,2261
1782308402419,342831,1806
1782308402419,342832,1723
1782308402419,342918,1097
1782308402419,342919,1034
1782308402419,342921,901
1782308402419,342923,761
1782308402419,342920,967
1782308402419,342924,676
1782308402419,342925,596
1782308402419,342926,525
1782308402419,342927,462
1782308402419,342928,385
1782308402419,342929,261
1782308402419,342930,183
1782308402419,342922,852
1782308402419,342830,1892
1782308403852,342932,1310
1782308403852,342933,1255
1782308403852,342931,1377
1782308403852,342935,1177
1782308403852,342936,1132
1782308403852,342937,1047
1782308403852,342934,1216
1782308403852,342938,992
1782308403852,343118,850
1782308403852,343018,945
1782308403852,343019,912
1782308403852,343318,680
1782308403852,343218,782
1782308403852,343518,813
1782308403852,343418,883
1782308403852,343618,748
1782308403852,343718,713
1782308403852,343818,555
1782308403852,343918,613
1782308403852,344018,501
1782308403852,344118,469
1782308403852,344918,320
1782308403852,344218,436
1782308403852,344219,402
1782308403852,344220,367
1782308403852,345218,281
1782308403852,345418,178
1782308403852,345318,227
1782308404905,344318,1161
1782308404905,344418,1117
1782308404905,344518,1077
1782308404905,344519,1032
1782308404905,344521,937
1782308404905,344618,890
1782308404905,344818,811
1782308404905,344718,849
1782308404905,344520,983
1782308404905,345018,759
1782308404905,346618,553
1782308404905,346418,594
1782308404905,345118,711
1782308404905,346918,448
1782308404905,345518,646
1782308404905,346818,483
1782308404905,346718,517
1782308404905,347018,410
1782308404905,347218,329
1782308404905,347418,232
1782308404905,347118,368
1782308404905,347518,177
1782308404905,347318,282
1782308405571,345618,648
1782308405571,345718,793
1782308405571,345818,711
1782308405571,345918,747
1782308405571,346018,533
1782308405571,346118,594
1782308405571,346218,496
1782308405571,346318,463
1782308405571,346518,414
1782308405571,348518,329
1782308405571,348918,264
1782308405571,349018,218
1782308405571,349418,179
1782308408491,347618,3034
1782308408491,347718,2939
1782308408491,347818,2888
1782308408491,348018,2823
1782308408491,347918,2985
1782308408491,348218,2767
1782308408491,348618,2717
1782308408491,348118,2663
1782308408491,348718,2456
1782308408491,349118,2309
1782308408491,349218,2249
1782308408491,349318,2175
1782308408491,349518,2107
1782308408491,348818,2380
1782308408491,349519,1981
1782308408491,349520,1912
1782308408491,349521,1846
1782308408491,349522,1737
1782308408491,348418,2532
1782308408491,349524,1566
1782308408491,349526,1437
1782308408491,349525,1499
1782308408491,349527,1285
1782308408491,349528,1186
1782308408491,349529,1083
1782308408491,349531,782
1782308408491,349530,884
1782308408491,349523,1635
1782308408491,349532,407
1782308408491,348318,2606
1782308412982,349618,4190
1782308412982,349619,3994
1782308412982,349620,3869
1782308412982,349623,3628
1782308412982,349621,3744
1782308412982,349533,4473
1782308412982,349622,3689
1782308412982,349624,3581
1782308412982,349627,3423
1782308412982,349626,3475
1782308412982,349631,3186
1782308412982,349628,3378
1782308412982,349630,3255
1782308412982,349634,2868
1782308412982,349625,3535
1782308412982,349635,2806
1782308412982,349636,2719
1782308412982,349629,3316
1782308412982,349632,3065
1782308412982,349638,2506
1782308412982,349639,2351
1782308412982,349633,2909
1782308412982,349641,2114
1782308412982,349640,2222
1782308412982,349637,2616
1782308412982,349643,1875
1782308412982,349644,1757
1782308412982,349642,1986
1782308412982,349647,1488
1782308412982,349646,1585
1782308412982,349645,1659
1782308412982,349650,1011
1782308412982,349651,861
1782308412982,349652,702
1782308412982,349653,584
1782308412982,349654,481
1782308412982,349649,1201
1782308412982,349648,1360
1782308415183,349656,2068
1782308415183,349657,1915
1782308415183,349658,1837
1782308415183,349659,1720
1782308415183,349661,1569
1782308415183,349660,1634
1782308415183,349655,2189
1782308415183,349662,1518
1782308415183,349665,1326
1782308415183,349664,1411
1782308415183,349667,1206
1782308415183,349663,1467
1782308415183,349668,1160
1782308415183,349666,1254
1782308415183,349671,1041
1782308415183,349672,984
1782308415183,349673,926
1782308415183,349669,1116
1782308415183,349675,821
1782308415183,349676,772
1782308415183,349674,867
1782308415183,349670,1081
1782308415183,349679,627
1782308415183,349678,677
1782308415183,349682,496
1782308415183,349683,452
1782308415183,349681,538
1782308415183,349684,403
1782308415183,349686,311
1782308415183,349677,727
1782308415183,349680,580
1782308415183,349688,246
1782308415183,349690,169
1782308415183,349687,281
1782308415183,349691,136
1782308415183,349685,355
1782308415183,349689,211
1782308415636,349692,545
1782308415636,349693,514
1782308415636,349694,479
1782308415636,349695,295
1782308415636,349696,220
1782308421717,349697,6183
1782308421717,349698,6061
1782308421717,349700,5748
1782308421717,349699,5961
1782308421717,349702,5490
1782308421717,349701,5615
1782308421717,349703,5356
1782308421717,349704,4607
1782308421717,349705,4155
1782308421717,349706,3618
1782308421717,349707,3242
1782308421717,349708,2535
1782308421717,349711,1882
1782308421717,349709,2373
1782308421717,349712,1719
1782308421717,349713,1599
1782308421717,349710,2126
1782308421717,349714,1381
1782308421717,349715,1126
1782308421717,349716,864
1782308421717,349717,451
1782308425047,349718,1192
1782308425047,349818,1090
1782308425047,349918,960
1782308425047,350018,835
1782308425047,350218,552
1782308425047,350118,658
1782308425047,350219,462
1782308425047,350220,318
1782308425047,350221,264
1782308425047,350223,175
1782308425047,350222,220
1782308428008,350318,2966
1782308428008,350418,3008
1782308428008,350618,3090
1782308428008,350518,3050
1782308428008,350718,2884
1782308428008,350818,2852
1782308428008,350918,2921
1782308428008,351018,2775
1782308428008,351020,1855
1782308428008,351019,1891
1782308428008,351118,2811
1782308428008,351218,1788
1782308428008,351219,1767
1782308428008,351220,1746
1782308428008,351221,918
1782308428008,351223,191
1782308428008,351222,849
1782308428008,351224,184
1782308428008,351226,166
1782308428008,351225,179
1782308428008,351518,156
1782308428008,351318,1818
1782308428428,351519,569
1782308428428,351520,557
1782308428428,351521,543
1782308428428,351418,433
1782308428428,351522,534
1782308428428,351523,528
1782308428428,351718,361
1782308428428,351918,299
1782308428428,351524,480
1782308428428,351818,332
1782308428428,351618,391
1782308428428,352018,267
1782308428428,352118,255
1782308428793,352218,436
1782308428793,352318,366
1782308428793,352418,471
1782308428793,352518,385
1782308428793,352618,411
1782308428793,352718,402
1782308428793,352818,373
1782308428793,352918,423
1782308428793,353018,356
1782308428793,353118,348
1782308428793,353218,329
1782308428793,353318,319
1782308428793,353418,274
1782308428793,353518,235
1782308428793,353618,216
1782308428793,353718,202
1782308428793,353818,189
1782308428793,353918,178
1782308428793,354018,167
1782308428793,354118,149
1782308429076,354218,388
1782308429076,354318,371
1782308429076,354518,318
1782308429076,354618,341
1782308429076,354818,307
1782308429076,354718,331
1782308429076,355118,272
1782308429076,354918,293
1782308429076,355318,243
1782308429076,355218,258
1782308429076,355618,202
1782308429076,355518,217
1782308429076,355818,172
1782308429076,355718,189
1782308429076,355918,158
1782308429076,355418,227
1782308429076,356018,148
1782308429076,354418,356
1782308429076,355018,284
1782308429522,356218,550
1782308429522,356118,563
1782308429522,356418,495
1782308429522,356318,517
1782308429522,356518,465
1782308429522,356618,439
1782308429522,356818,400
1782308429522,356718,414
1782308429522,356918,385
1782308429522,357118,344
1782308429522,357318,307
1782308429522,357218,328
1782308429522,357418,253
1782308429522,357718,216
1782308429522,357518,270
1782308429522,357018,368
1782308429522,357618,234
1782308429522,357818,202
1782308429522,358418,172
1782308429522,359318,158
1782308429748,358018,346
1782308429748,357918,359
1782308429748,358118,334
1782308429748,358218,316
1782308429748,358518,287
1782308429748,358618,276
1782308429748,358718,258
1782308429748,358318,297
1782308429748,358818,247
1782308429748,358918,236
1782308429748,359118,214
1782308429748,359018,225
1782308429748,359218,205
1782308429748,359418,194
1782308429748,359618,185
1782308429748,359518,174
1782308429748,359718,163
1782308429748,359818,155
1782308430043,360018,418
1782308430043,359918,428
1782308430043,360118,410
1782308430043,360218,388
1782308430043,360318,364
1782308430043,360418,349
1782308430043,360518,338
1782308430043,360618,324
1782308430043,360718,312
1782308430043,360818,261
1782308430043,361018,241
1782308430043,360918,287
1782308430043,361118,229
1782308430043,361218,215
1782308430043,361318,202
1782308430043,361418,175
1782308430043,361518,188
1782308430043,361618,163
1782308431091,361718,1198
1782308431091,361818,1184
1782308431091,361918,1172
1782308431091,362018,1146
1782308431091,362218,1133
1782308431091,362418,1074
1782308431091,362318,1113
1782308431091,362118,1159
1782308431091,362518,1033
1782308431091,362618,977
1782308431091,362918,856
1782308431091,363018,647
1782308431091,362718,908
1782308431091,362818,878
1782308431091,363218,601
1782308431091,363118,624
1782308431091,364918,369
1782308431091,365218,351
1782308431091,364518,382
1782308431091,363318,411
1782308432743,363418,1670
1782308432743,363618,1536
1782308432743,363718,1497
1782308432743,363518,1510
1782308432743,363918,1417
1782308432743,363818,1468
1782308432743,364018,1450
1782308432743,364118,1379
1782308432743,364218,1404
1782308432743,364418,1342
1782308432743,364618,1323
1782308432743,364318,1366
1782308432743,364718,1198
1782308432743,364818,1172
1782308432743,365018,1149
1782308432743,365118,955
1782308432743,365318,911
1782308432743,365418,829
1782308432743,365518,724
1782308432743,365618,784
1782308432743,365718,693
1782308432743,366218,558
1782308432743,367118,516
1782308432743,367218,458
1782308432743,367518,268
1782308432743,367418,351
1782308432743,367318,385
1782308433591,365918,568
1782308433591,366018,543
1782308433591,366418,452
1782308433591,366318,475
1782308433591,366618,370
1782308433591,366518,419
1782308433591,366718,396
1782308433591,366818,338
1782308433591,367018,216
1782308433591,366918,237
1782308433591,366118,501
1782308433591,365818,703
1782926861767,367618,1600
1782927176803,367619,836
1782927191321,367620,163
1783616310853,367718,2848
